0.1467339475611193       5.052721166540776        
0.2133333333333333       5.196                    
0                        5.196                    
0                        4.976399999999995        
0.324112800898175        5.035516443254692        
0.4266666666666666       5.196                    
0.1962236035740883       4.859689389449193        
0                        4.756799999999995        
0.5320629775460883       5.020235949429805        
0.6399999999999999       5.196                    
0.425791397567832        4.850463982311525        
0.333050817054323        4.697966846152697        
0.1680076974968607       4.634051630907592        
0                        4.537199999999996        
0.7459415911672164       5.019521214616616        
0.8533333333333332       5.196                    
0.6382831743862987       4.840433159958225        
0.5288419859683207       4.643504513922205        
0.3475979737370243       4.520236418438151        
0.174842340422133        4.421866852107388        
0                        4.317599999999996        
0.9592572055520784       5.020114499309843        
1.066666666666666        5.196                    
0.8527546943931091       4.844465138463582        
0.7494617763343441       4.669183477334895        
1.172132268984617        5.019917167406171        
1.28                     5.196                    
0.1784568335506443       4.204512834517756        
0                        4.097999999999997        
0.6796146035311814       4.510626328905535        
0.5263941202510196       4.413904810052068        
0.354409994787455        4.310117198077182        
1.064865124258134        4.845296920478611        
0.9587510794407361       4.672371299229392        
0.8574291827366098       4.502448687430764        
1.277427750422585        4.844386385421219        
1.385539371019196        5.019650745506878        
1.493333333333333        5.196                    
0.1795474754641628       3.983010177435034        
0                        3.878399999999997        
0.3585942096709063       4.095093497308317        
0.7359411913424152       4.324090708027082        
0.5405744910930024       4.205088776039414        
1.169003717061402        4.671115134768736        
1.058991981860817        4.501718436899766        
0.9492210952520399       4.3468899337315          
1.382130526053112        4.668226171619207        
1.490958557924484        4.843138320060794        
1.599095006717583        5.019329585574996        
1.706666666666666        5.196                    
0.1773793214949113       3.762571508247587        
0                        3.658799999999998        
0.3562236170599655       3.877100791800246        
0.8777949454202199       4.188449002924009        
0.5371946558443274       3.989691457759326        
0.720558150283821        4.10122751719308         
1.271832232383624        4.494987652191191        
1.160190700370113        4.326691567046887        
1.046692885252098        4.17502554287521         
0.1756918662574152       3.543102918958674        
0                        3.439199999999999        
0                        3.219599999999999        
0.1981613598669015       3.314421508158544        
0.152060534781587        3.137240332868119        
0                        3                        
0.2140174280262058       2.992356352525723        
1.486767748174473        4.49013329120412         
1.596640680735889        4.666294894864371        
1.705065910596677        4.84247826862279         
1.812684663522628        5.019039066104161        
1.92                     5.196                    
0.3488583198208451       3.660207548592409        
0.5292171998693224       3.776054490245697        
0.9176369657788993       4.010614114245248        
0.7142062008650351       3.889431062185681        
1.096180729091054        4.025107963762247        
1.373837427541604        4.312105515582885        
1.249976452672849        4.122840055802646        
0.3518496291898067       3.453965755499975        
0.3502756572253604       3.311684483353902        
0.3481238860148277       3.15982380365633         
0.4269442835478581       2.969464358894682        
1.592990799366785        4.310605485266364        
1.702959256291818        4.488888882017172        
1.811561278046985        4.665614458454521        
1.918969874248374        4.842004567987279        
2.025943931976045        5.018716123499467        
2.133333333333333        5.196                    
0.5196420553441169       3.555089237551143        
0.6991778989226176       3.684806861607658        
1.056428997600144        3.880503559065095        
0.8814523344912225       3.774191932063071        
1.210127831507139        3.936536964085811        
1.15951340722669         3.807263444882162        
1.481226119637639        4.127355459248885        
1.381579475310292        3.957057378016601        
0.5029126042754679       3.310167582206169        
0.56938630428868         3.116234024095446        
0.6376955029234701       2.931440677474334        
1.702400300164353        4.133269663064835        
1.810682651150604        4.311944304454748        
1.918795262544649        4.489047358514923        
2.026569104906585        4.665356404894258        
2.131670494823536        4.841142893714738        
2.238864502359657        5.018215972683031        
2.346666666666666        5.196                    
0.699965092724103        3.481124989062446        
0.8283436911028896       3.606686292525678        
1.055714060544437        3.724371213427951        
0.955859445452908        3.625757097715626        
1.284557314893841        3.805671332255018        
1.190738831587891        3.689234155576933        
1.437252256371153        3.788309361721387        
1.593030946773394        3.92839139951209         
0.7436638247648315       3.269495193198788        
0.7921590068343873       3.073150251009189        
0.8451972560790968       2.878479042535548        
1.817229693040658        3.965878033878119        
1.918234741270534        4.136591072744784        
2.025725059205365        4.314722142282222        
2.133383097855644        4.489612640378514        
2.23884632351256         4.663880743546174        
2.344039502015762        4.839959571278554        
2.451973348057685        5.0174425891682          
2.56                     5.196                    
0.9218711406478933       3.452446080089739        
1.090260921447181        3.569242432699152        
1.328101661899294        3.655592030681555        
1.226183446747124        3.573148643383857        
1.588984945201788        3.731841812417821        
1.460424492889095        3.619147328451828        
1.742543837687875        3.795028088236983        
1.888608812197722        3.821959408435499        
1.695197148088652        3.658744031046029        
0.9676811535913333       3.219551933783975        
1.012125763093203        3.011535301043633        
1.048391939136403        2.810849398661161        
2.023836622484728        3.950635411441038        
2.026032442740724        3.749222645619896        
2.160208455615948        3.843118193618216        
2.129534121577496        4.14309688134774         
2.243477074221166        4.318138312855971        
2.345605445836098        4.486823450966939        
2.451518694930778        4.660151873097504        
2.557486204818972        4.837866504160624        
2.665476737537571        5.015921680087104        
2.773333333333333        5.196                    
1.164670578628806        3.39567955277906         
1.34367975631515         3.491810914430858        
1.58847921522578         3.567079812133818        
1.47901716723936         3.4818566175971          
1.848612498764942        3.64611813788367         
1.716428690270451        3.516305564807887        
2.013449265606032        3.577301676356537        
1.198179977562086        3.151386240122396        
1.224099421757169        2.93310689965326         
1.246244506055982        2.728896229453455        
2.217933487066992        3.673734603488367        
2.226882982794121        3.994958134071312        
2.306356742993173        3.847040173470466        
2.342816086917936        4.150627779106713        
2.452615388321515        4.308605144827214        
2.558247674849685        4.478215506040872        
2.66490523177924         4.654156025558073        
2.771560495956098        4.833446234586045        
2.878791646221186        5.013771120653884        
2.986666666666666        5.196                    
1.404846972401871        3.31218681826502         
1.590743889243191        3.394491690821866        
1.850993852084393        3.461447207826379        
1.724545538215746        3.36995250913556         
2.132899837091721        3.471737357513524        
1.97707412339347         3.387424911665056        
2.291275995039735        3.503219493456927        
2.213133478204126        3.378641977855197        
1.419964901132659        3.062561890228918        
1.42914965906051         2.839233422260526        
1.437746187248792        2.633037390743163        
2.417762040489965        3.496996655332829        
2.394753880454705        3.612240495362325        
2.38976826941197         3.742335571839891        
2.43539921436648         3.984805507023164        
2.461822266560687        3.838196701630526        
2.557869238448182        4.119138317745458        
2.663234153344437        4.291471216120978        
2.77160713488604         4.468085325674522        
2.879087708926376        4.647129309456862        
2.985382932004645        4.82801460055661         
3.091873122178217        5.00953942963317         
3.2                      5.196                    
1.637688220975722        3.207547029402502        
1.82627528819846         3.273418441215698        
2.084532673239974        3.310101482259057        
1.961328393886459        3.237281121109469        
2.354521510348117        3.344158504581998        
2.203264798640242        3.23656237929443         
1.635311503620088        2.957390516576925        
1.62842686779475         2.731805928322562        
1.621921818346037        2.523761005953829        
2.465719295348236        3.233695928117779        
2.517196665235574        3.417668165452572        
2.50606332264531         3.554154456394781        
2.545720168074257        3.70300219166116         
2.628510199465344        3.908579090822541        
2.763325585239067        4.097474488099889        
2.875479601373409        4.277481322280069        
2.983488021959354        4.457288065032185        
3.090209899094324        4.638071603296883        
3.196690877175743        4.819893255277757        
3.303703703703703        5.003555555555556        
1.862129454018039        3.082827339573525        
2.056630430582353        3.132633430834007        
2.320748043443464        3.146572273715915        
2.186742909197787        3.08594681883475         
2.427914983725069        3.06339911437122         
1.843568053878443        2.835447040621522        
1.821267325250472        2.609459108560593        
1.797832169993953        2.401624343758789        
2.578090294698356        3.130020360518357        
2.645886860976264        3.320258131133212        
2.669160160544896        3.534698072721647        
2.765615918316588        3.714638825570816        
2.869819005252147        3.902797604026776        
2.982378657760115        4.08460350638035         
3.088810935642882        4.265958957208422        
3.194735079794244        4.447010974465146        
3.300883697172488        4.628586510185687        
3.407407407407407        4.811111111111112        
2.076658376883021        2.939165787620316        
2.276412896439858        2.974800222709084        
2.529728941938028        2.973563359431106        
2.402226745571811        2.924475976991476        
2.041970383069545        2.697100637659974        
2.003876461272913        2.473175698082044        
1.964581443185323        2.267249380436981        
2.654755438976725        3.029471229545206        
2.633760421220524        2.886785918339804        
2.730512949202789        3.164386947067871        
2.81346444338198         3.361955849410921        
2.893610256129198        3.529948743247592        
2.986875706945502        3.708807233055062        
3.08929369236062         3.891734117886896        
3.194260953412009        4.073585492957036        
3.299542552788145        4.255210617369124        
3.405124211367977        4.436753381134484        
3.51111111111111         4.618666666666668        
2.281644621837557        2.784229171664895        
2.481625767435683        2.807227556820575        
2.601506061043377        2.743625126929453        
2.230026325172918        2.545216538772263        
2.175531308464395        2.324059957104529        
2.121319527325997        2.121321159792974        
2.744557309638482        2.797691136473154        
2.792958071924594        2.984358687780478        
2.90058371822493         3.166992347393256        
2.999543626563142        3.340415318929367        
3.101496708261494        3.512649410097268        
3.199837092305417        3.698236624244581        
3.300693719291651        3.880755121932987        
3.404813043220088        4.063244261800365        
3.509465995574412        4.244698082941728        
3.614814814814814        4.426222222222225        
2.474461747142118        2.615304193759078        
2.674000264973852        2.622585583583711        
2.842698864570961        2.69055669368127         
2.790617507606703        2.551008966939458        
2.406610854654502        2.379976620249548        
2.336435696506913        2.163152297749637        
2.267247868585445        1.964583187954829        
2.93048247791486         2.585524488214626        
2.923944565594972        2.863418061485498        
2.996392958104972        2.732973627332247        
2.969972960584934        3.010945334732292        
3.097050257692142        3.139891946438603        
3.203254598214818        3.311771221728083        
3.303345952261052        3.500256995828851        
3.405470518484164        3.686806293080119        
3.508999411657831        3.87011065511464         
3.613469793557479        4.052619069610224        
3.718518518518517        4.23377777777778         
2.652834924784643        2.430181011822804        
2.854948713092558        2.423990209544054        
2.570723033980991        2.202150740083893        
2.401622960233588        1.797834018167099        
2.485935557191523        1.991271373419645        
2.96791798806251         2.346259087936878        
3.021795088606565        2.484227620941577        
3.05625974427711         2.621206298340891        
3.139466951532363        2.702865882915583        
3.135328203763772        2.900065665915883        
3.289444194526213        3.102677229881661        
3.402157033570152        3.301331905821014        
3.507859762730272        3.490746520002039        
3.612486010165985        3.67655781508098         
3.717166249958213        3.860391403967549        
3.822222222222221        4.041333333333336        
2.82075634731301         2.235192905044236        
3.021662706157429        2.214536163368386        
2.523759757798702        1.621923760512754        
2.622119819138868        1.808923716760187        
2.721764823435354        2.01313023221749         
3.117539642436841        2.369194663042383        
3.128408616069426        2.129032485384627        
3.193244008013021        2.252063315531927        
3.197043966911506        2.554840710490158        
3.297635360285005        2.735464577195525        
3.387471522454859        2.916477661676402        
3.50027823310291         3.106289126771733        
3.608803782174991        3.296184537084617        
3.715043268642427        3.483123593450841        
3.820539111731261        3.667925779132809        
3.925925925925924        3.848888888888892        
2.973690242224277        2.028092805364438        
2.633036284321327        1.437748213508659        
2.744689884596248        1.617384627742431        
2.858940860479398        1.813979049220838        
3.172560198975918        1.993996972381682        
3.268635083843417        2.139663744196959        
3.290601536762131        2.397153903503213        
3.332616435686786        2.262798885139778        
3.403705427886676        2.555717769989215        
3.500263602999069        2.732186761730833        
3.60337125441957         2.916776321711149        
3.710525278799473        3.104134928418835        
3.817327168361976        3.290946242819717        
3.923764642787168        3.475457713407417        
4.029629629629628        3.656444444444448        
2.728895270402902        1.24624660608271         
2.852941096570596        1.417857897397569        
3.111260152335892        1.811110301050616        
2.981720616386716        1.606045401038128        
3.276972401800676        1.901841949008946        
3.308153210647141        1.76263576184918         
3.346453927948563        2.026223896325146        
3.437513203332097        2.172428547475282        
3.473088346483266        2.352684914991511        
3.601473864683877        2.541166659591186        
3.707924188264425        2.72751758022152         
3.813871268552083        2.913830387291258        
3.920867417048501        3.098793654498412        
4.027238794791549        3.282442497341333        
4.133333333333331        3.464000000000004        
2.810848591866978        1.048394102234189        
2.945074689874971        1.211527868263532        
3.088422253493877        1.390223274391341        
3.235631563149698        1.58644385896523         
3.397930233097563        1.66151136800027         
3.434377467769534        1.900423424151151        
3.487518221298953        1.771898425393597        
3.531829262552418        2.034653553080163        
3.614592538423377        2.187666341413842        
3.697556374405268        2.35671936360233         
3.810669390048181        2.538654956714633        
3.917950227831299        2.722252835954356        
4.024502623274815        2.906135650081286        
4.131148012247206        3.089906483493007        
4.237037037037035        3.27155555555556         
2.878478351117962        0.8451996108288373       
3.019603860644431        1.000453032385886        
3.071435616109395        0.7863908472511668       
2.931439824381245        0.637699424518833        
3.339773714688527        1.351692547439255        
3.175585117730844        1.167824501751576        
3.42569911429292         1.523665714099131        
3.511530342606579        1.415311137937219        
3.526162333098475        1.27283676703408         
3.546609562263665        1.647884365561667        
3.622433238227056        1.882295964681728        
3.631959236821891        1.752748789213178        
3.72377461295484         1.999365355042998        
3.814821559028393        2.174127082869217        
3.916820584459745        2.351805749101845        
4.022267736936381        2.532135305200488        
4.128451355383433        2.714319292695789        
4.234691784760575        2.897197645949362        
4.340740740740738        3.079111111111116        
3.111652698709483        0.5655395376433776       
2.969464248625959        0.4269450504833927       
3.236477941070167        0.9434560952687439       
3.256750018201025        0.7269154903272418       
3.424242113078732        1.10961659553618         
3.597792449107239        1.157475459807269        
3.608702243033756        1.521938268211895        
3.655879847964165        1.388945751736421        
3.69721823490833         1.256563093553206        
3.715915957147111        1.64688882314137         
3.787319205172672        1.814776367287529        
3.914673320064972        1.986326023489939        
4.021511923862158        2.162879664564346        
4.12695126342161         2.341869791642422        
4.232736485827839        2.522804007583269        
4.338485613803601        2.704624330167587        
4.444444444444442        2.886666666666671        
3.137284499307057        0.1428011608528054       
2.992356474393814        0.2140157240798513       
3                        0                        
3.167759984350017        0.3430603237499669       
3.284971879008014        0.5340891307789146       
3.471250920656567        0.8695361043604117       
3.47560354539202         0.6311751030474603       
3.59900511699056         1.022848097067135        
3.661190598929774        0.8994084976581387       
3.742334447460097        1.125512745845746        
3.796578581701155        1.508933750896918        
3.871737294464753        1.240238544353353        
3.795087352436694        1.358091492785207        
3.914900236114818        1.622388052350066        
4.015120797846638        1.796348855743286        
4.124484456068026        1.97212261719587         
4.231328988322575        2.151022168214408        
4.337044986600331        2.330497259040102        
4.442437698258884        2.512340272304505        
4.548148148148146        2.694222222222227        
3.214285714285711        0                        
3.318663043328842        0.1730799082707666       
3.422694735334212        0.3921615002074654       
3.59326345110898         0.4977448895523803       
3.639933841418681        0.7628142714507135       
3.66223387870341         0.6174718074422817       
3.778213460996831        0.9935488719745764       
3.772149313811788        0.853813930648484        
3.909992554703514        1.08249610345175         
4.011226484728957        1.198615099681093        
3.988895945422628        1.400054370445341        
4.120702064527342        1.601048844137609        
4.228645505132           1.781431229998704        
4.334985008647309        1.958416415451897        
4.440871846484488        2.138895623246034        
4.546352599705165        2.320073842208024        
4.651851851851849        2.501777777777783        
3.428571428571426        0                        
3.527096685383471        0.1819702518364766       
3.639119546636208        0.3489921586525865       
3.766665531996057        0.4989238079607349       
3.835703023601308        0.6967009652001194       
3.947379222655029        0.8975246355853683       
4.098125743723429        1.066567294999283        
4.165724199193331        1.254567840876992        
4.23521135021397         1.416551338481486        
4.336311501306427        1.591883548257274        
4.440314828176537        1.768953304265647        
4.544882103005303        1.946415883981466        
4.650187388105993        2.127702530617158        
4.755555555555553        2.309333333333339        
3.642857142857141        0                        
3.745059008089706        0.175143106161226        
3.85493945755935         0.3431415398768447       
3.959383877788528        0.5173366275304723       
4.060102161108479        0.7036389370157652       
4.177368300639851        0.8859063458076002       
4.27128395160036         1.065796626925867        
4.352411674473675        1.243883397656127        
4.447230197434865        1.407882244640608        
4.547310484331093        1.580278461375299        
4.650028121318815        1.756411516885401        
4.754179848329863        1.935052496407696        
4.859259259259256        2.116888888888895        
3.857142857142855        0                        
3.959114067836383        0.1740034096352513       
4.065701317309208        0.3474673077581802       
4.168953777155235        0.5233245371379656       
4.271823753348898        0.7010403456420051       
4.368016887903142        0.8742867892296287       
4.458851570824086        1.051719480962804        
4.557050670085737        1.222225824241065        
4.655145352793806        1.392568618832661        
4.755632934190496        1.565904247925594        
4.858752134423072        1.744084220466026        
4.96296296296296         1.924444444444451        
4.071428571428569        0                        
4.174043551810186        0.1741871079221184       
4.277728566133478        0.3484813553535837       
4.378659368225555        0.5206075143614148       
4.476750497824444        0.6919163554175306       
4.56990281542331         0.8603644812704832       
4.666012544486404        1.033536454537038        
4.763046176715471        1.204348832542921        
4.862140216670132        1.3768692472033          
4.963428515831903        1.552145365351673        
5.066666666666663        1.732000000000006        
4.285714285714285        0                        
4.388020404686694        0.1732809025723721       
4.489002784935141        0.3448448401259127       
4.587696305482813        0.5140321514859248       
4.684646494814542        0.6815592408539128       
4.776385037451228        0.8472372607580757       
4.871497467910742        1.016025715790713        
4.969151203709411        1.187611258374309        
5.068726659417249        1.361667543983979        
5.170370370370367        1.539555555555562        
4.499999999999998        0                        
4.601159880682225        0.1714079618810339       
4.700360509709472        0.3401267190232858       
4.796758177387729        0.505138239133492        
4.888392650838402        0.6667685746207167       
4.98073535371759         0.8298113076760222       
5.07637873005887         0.9976582004365568       
5.17433832705223         1.170981683389005        
5.27407407407407         1.347111111111118        
4.714285714285714        0                        
4.813817050095587        0.1675609835018915       
4.910048270763859        0.3309772260642511       
5.001401887154738        0.4902231287007003       
5.092059603855937        0.6516083279819669       
5.185979721148451        0.8119882426896222       
5.28081969553408         0.9798754133132083       
5.377777777777774        1.154666666666674        
4.928571428571428        0                        
5.028476496560826        0.1628539940427785       
5.118998686842621        0.3191431760929424       
5.201465012645603        0.4718631475517037       
5.294382997630835        0.6389955666530365       
5.389137683089352        0.7821800617643754       
5.481481481481477        0.9622222222222299       
5.142857142857142        0                        
5.239577996665794        0.1601721548756821       
5.329522198106545        0.3202473369265603       
5.369782839130986        0.4829349389940122       
5.483229938074938        0.5936642172858032       
5.585185185185181        0.7697777777777858       
5.357142857142857        0                        
5.451463974832582        0.1764614279779449       
5.54031404919701         0.3899044265529575       
5.688888888888884        0.5773333333333416       
5.571428571428571        0                        
5.670798176454719        0.1884446495124693       
5.792592592592588        0.3848888888888975       
5.785714285714286        0                        
5.896296296296292        0.1924444444444534       
6                        0